0 0
500 44843
1000 93352
1500 139621
2000 185941
2500 232139
3000 297783
3500 360466
4000 424774
4500 481624
5000 539362
5500 598457
6000 654814
6500 717069
7000 779569
7500 843622
8000 903392
8500 964379
9000 1021453
9500 1077539
10000 1137233
10500 1202931
11000 1266204
11500 1338599
12000 1395104
12500 1449938
13000 1504304
13500 1560325
14000 1623175
14500 1685861
15000 1748877
15500 1778549
16000 1807524
16500 1835875
17000 1864864
17500 1893404
18000 1922256
18500 1950896
19000 1979468
19500 2011610
20000 2044559
