0 0
500 45947
1000 100715
1500 156782
2000 212317
2500 267878
3000 317531
3500 366479
4000 415496
4500 464805
5000 516201
5500 584215
6000 651224
6500 720711
7000 781749
7500 843293
8000 903840
8500 968479
9000 1039437
9500 1109635
10000 1174548
10500 1193545
11000 1211065
11500 1227901
12000 1244924
12500 1261505
13000 1278179
13500 1294785
14000 1311642
14500 1328532
15000 1345180
15500 1377570
16000 1414705
16500 1452040
17000 1489158
17500 1526214
18000 1563299
18500 1599918
19000 1632817
19500 1665486
20000 1698159
